# unix_time, cycles_done, cur_path, paths_total, pending_total, pending_favs, map_size, unique_crashes, unique_hangs, max_depth, execs_per_sec
1519747677, 0, 0, 1, 1, 1, 0.36%, 0, 0, 1, 21.95
1519747687, 0, 0, 1, 1, 1, 0.36%, 2, 0, 1, 21.17
1519747692, 0, 0, 2, 2, 1, 0.36%, 3, 0, 2, 21.95
1519747697, 0, 0, 3, 3, 1, 0.37%, 3, 0, 2, 20.93
1519747702, 0, 0, 4, 4, 1, 0.37%, 4, 0, 2, 21.62
1519747707, 0, 0, 5, 5, 1, 0.37%, 4, 0, 2, 21.30
1519747718, 0, 0, 6, 6, 1, 0.37%, 4, 0, 2, 20.43
1519747728, 0, 0, 7, 7, 1, 0.37%, 4, 0, 2, 21.49
1519747738, 0, 0, 8, 8, 1, 0.37%, 4, 0, 2, 20.84
1519747743, 0, 0, 9, 9, 1, 0.37%, 6, 0, 2, 21.59
1519747748, 0, 0, 9, 9, 1, 0.37%, 7, 0, 2, 21.68
1519747773, 0, 0, 10, 10, 1, 0.38%, 7, 0, 2, 22.82
1519747778, 0, 0, 11, 11, 1, 0.38%, 9, 0, 2, 22.96
1519747794, 0, 0, 11, 11, 1, 0.38%, 10, 0, 2, 22.96
1519747799, 0, 0, 12, 12, 1, 0.38%, 11, 0, 2, 20.74
1519747804, 0, 0, 13, 13, 1, 0.38%, 11, 0, 2, 21.72
1519747809, 0, 0, 13, 13, 1, 0.38%, 12, 0, 2, 22.01
1519747825, 0, 0, 14, 14, 1, 0.38%, 12, 0, 2, 21.04
1519747876, 0, 0, 15, 15, 1, 0.38%, 12, 0, 2, 21.28
1519747891, 0, 0, 15, 15, 1, 0.38%, 13, 0, 2, 23.16
1519747907, 0, 0, 16, 16, 1, 0.39%, 13, 0, 2, 21.96
1519747917, 0, 0, 17, 17, 1, 0.39%, 13, 0, 2, 20.87
1519747968, 0, 0, 19, 19, 1, 0.39%, 13, 0, 2, 21.95
1519748075, 0, 0, 19, 19, 1, 0.39%, 14, 0, 2, 22.92
1519748096, 0, 0, 20, 20, 1, 0.40%, 14, 0, 2, 22.19
1519748336, 0, 0, 21, 21, 1, 0.40%, 14, 0, 2, 21.73
1519748519, 0, 0, 21, 21, 1, 0.40%, 15, 0, 2, 19.60
1519748693, 0, 0, 21, 21, 1, 0.40%, 16, 0, 2, 22.06
1519748785, 0, 0, 21, 21, 1, 0.40%, 17, 0, 2, 23.03
1519749174, 0, 0, 22, 22, 1, 0.40%, 17, 0, 2, 21.83
1519749792, 0, 0, 23, 23, 1, 0.41%, 17, 0, 2, 22.88
1519749956, 0, 0, 24, 24, 1, 0.42%, 17, 0, 2, 25.08
1519750201, 0, 0, 25, 25, 1, 0.42%, 17, 0, 2, 22.14
1519750278, 0, 0, 26, 26, 1, 0.42%, 18, 0, 2, 24.19
1519750283, 0, 0, 27, 27, 1, 0.42%, 18, 0, 2, 23.12
1519750355, 0, 0, 27, 27, 1, 0.42%, 19, 0, 2, 24.40
1519750375, 0, 0, 28, 28, 1, 0.42%, 19, 0, 2, 24.33
1519750472, 0, 6, 28, 27, 3, 0.42%, 19, 0, 2, 24.27
1519753058, 0, 15, 28, 26, 2, 0.42%, 19, 0, 2, 27.33
1519753068, 0, 15, 29, 27, 2, 0.42%, 19, 0, 3, 23.82
1519753110, 0, 15, 30, 28, 2, 0.42%, 19, 0, 3, 23.24
1519753115, 0, 15, 31, 29, 2, 0.42%, 19, 0, 3, 22.92
1519753120, 0, 15, 32, 30, 2, 0.42%, 19, 0, 3, 24.88
1519753125, 0, 15, 33, 31, 2, 0.42%, 19, 0, 3, 24.52
1519753130, 0, 15, 34, 32, 2, 0.42%, 19, 0, 3, 24.15
1519753227, 0, 15, 35, 33, 2, 0.42%, 19, 0, 3, 24.49
1519753435, 0, 15, 36, 34, 2, 0.42%, 19, 0, 3, 23.85
1519753921, 0, 15, 37, 35, 2, 0.43%, 19, 0, 3, 29.40
1519755250, 0, 15, 38, 36, 2, 0.43%, 19, 0, 3, 25.21
1519755321, 0, 15, 38, 36, 2, 0.43%, 20, 0, 3, 26.51
1519755383, 0, 15, 38, 36, 2, 0.43%, 21, 0, 3, 27.57
1519755413, 0, 15, 39, 37, 2, 0.43%, 21, 0, 3, 26.50
1519755428, 0, 15, 40, 38, 2, 0.43%, 21, 0, 3, 23.58
1519755505, 0, 15, 41, 39, 2, 0.43%, 21, 0, 3, 27.89
1519755525, 0, 15, 42, 40, 2, 0.43%, 21, 0, 3, 26.73
1519755545, 0, 15, 42, 40, 2, 0.43%, 22, 0, 3, 24.05
1519755561, 0, 15, 42, 40, 2, 0.43%, 23, 0, 3, 26.61
1519755566, 0, 15, 43, 41, 2, 0.43%, 23, 0, 3, 26.06
1519755821, 0, 15, 44, 42, 2, 0.43%, 23, 0, 3, 29.00
1519755831, 0, 15, 45, 43, 2, 0.43%, 23, 0, 3, 24.64
1519755842, 0, 15, 46, 44, 2, 0.43%, 23, 0, 3, 25.27
1519755872, 0, 15, 46, 44, 2, 0.43%, 24, 0, 3, 25.80
1519755913, 0, 15, 48, 46, 2, 0.43%, 24, 0, 3, 22.15
1519755954, 0, 15, 49, 47, 2, 0.43%, 24, 0, 3, 25.77
1519756076, 0, 37, 49, 46, 2, 0.43%, 24, 0, 3, 22.33
1519757360, 0, 37, 49, 46, 2, 0.43%, 25, 0, 3, 21.30
1519758470, 0, 37, 50, 47, 2, 0.44%, 25, 0, 4, 22.04
1519758485, 0, 37, 51, 48, 2, 0.44%, 25, 0, 4, 23.79
1519758654, 0, 37, 51, 48, 2, 0.44%, 26, 0, 4, 23.01
1519758894, 0, 40, 51, 47, 1, 0.44%, 26, 0, 4, 22.13
1519758945, 0, 40, 52, 48, 1, 0.44%, 26, 0, 4, 25.28
1519761316, 0, 40, 53, 49, 1, 0.44%, 26, 0, 4, 23.84
1519761683, 1, 2, 53, 48, 0, 0.44%, 26, 0, 4, 23.80
